               precision    recall  f1-score   support

      B-art       0.00      0.00      0.00       402
      B-eve       0.80      0.27      0.40       308
      B-geo       0.82      0.90      0.86     37644
      B-gpe       0.95      0.92      0.94     15870
      B-nat       0.69      0.09      0.16       201
      B-org       0.78      0.67      0.72     20143
      B-per       0.80      0.76      0.78     16990
      B-tim       0.93      0.83      0.88     20333
      I-art       0.00      0.00      0.00       297
      I-eve       0.64      0.12      0.20       253
      I-geo       0.81      0.73      0.77      7414
      I-gpe       0.93      0.37      0.53       198
      I-nat       0.00      0.00      0.00        51
      I-org       0.75      0.76      0.75     16784
      I-per       0.80      0.90      0.85     17251
      I-tim       0.84      0.67      0.74      6528
          O       0.99      0.99      0.99    887908

avg / total       0.96      0.97      0.96   1048575